Sample 0:
Mean: -3.468034462605167e-08
Standard Deviation: 0.014934123524032956
Variance: 0.00022302804543107454
Skewness: -0.00949868654306115
Kurtosis: 0.03900900386674122
Max: 0.05611227432692273
Min: -0.06150016770100033
Peak to Peak: 0.11761244202792306
Rate of Change: 0.001971180780728501
rms: 0.014934123524073223

